981263745724958613563174892137642958245839167896517234459781326318426579672395481
781964352425138976639527418312685794964372185578419623193256847247893561856741239
743169285951278346826453971389612457614537892275984163592346718138795624467821539
361298547754316928892745136679832415518964372243157689185429763937681254426537891
697821435582743961134956728468239517219574683375618249941365872753482196826197354
485169327236847519179253468351682794968734251742591683697328145514976832823415976
273458961468912735519367248152874396384629157796531482837195624941286573625743819
231798564869541723574362189312956478946873215785214936128439657453627891697185342
257843619934716285618295743781659432469372158523481967395124876846937521172568394
178536492243879651956214783529648137867351249431927568315482976682795314794163825
571396428328174659694258713183567294749832165256419387432981576865723941917654832
892615374743982156165347298239764815458129637671538942317256489942873561586491723
638471529715392684429685713293157846167824935854963172946218357582736491371549268
683792451417865239952431786839247165571986342246153897764528913328619574195374628
513689247249137856678245319495816723786523194132974568367452981951768432824391675
231768495987524136546391728479285613162439857358176249615843972824957361793612584
563428719928517643471936258217384965384695127659271384836159472742863591195742836
984351267537692481612847395268419753179538642345726918893174526721965834456283179
984325716526179384173486952851634279692857143437912865749268531218543697365791428
371895462495162387826743159587214693934586721162379548259631874743958216618427935
231768495987524136546391728479285613162439857358176249615843972824957361793612584
935276481467183295812495637623941758148527963759638142594312876371864529286759314
894157623521634897763298154276485931358719246419362785942576318635821479187943562
793625418618394725425718936542187369937462851186953274259836147371549682864271593
657192834421835769983746521179358642564219387238674915846927153712583496395461278
563428719928517643471936258217384965384695127659271384836159472742863591195742836
231768495987524136546391728479285613162439857358176249615843972824957361793612584
617859243423716985598324761846132597152697834379548126964271358231485679785963412
941362785736185492825794136583419267217856943694237518162548379458973621379621854
327149856451863297698725314976384125815276439234951768183597642749612583562438971
921567843853429617674381952735916428182754369469238157596842731248173596317695284
563428719928517643471936258217384965384695127659271384836159472742863591195742836
479652831631879542825314796283547169594186327716293458948725613357961284162438975
821459673546372819739618245457863192213597468968124537382746951174985326695231784
821459673546372819739618245457863192213597468968124537382746951174985326695231784
571324986936785241824691735283419567617253894459876312142538679798162453365947128